293
385
696
195
588
783
564
169
446
68
856
423
523
965
824
119
555
617
752
571
199
554
925
245
372
683
330
111
873
656
203
570
691
314
11
23
371
842
928
430
2
271
967
99
954
343
314
167
651
966
979
130
856
840
594
238
985
381
31
762
962
561
431
596
699
706
817
128
159
161
905
608
684
528
537
297
332
159
681
1
282
200
870
47
957
352
658
19
485
906
127
793
513
54
908
345
183
289
268
267
91
435
192
11
377
812
684
762
118
806
500
494
24
130
763
339
451
454
517
876
598
24
825
565
315
192
982
787
896
30
375
181
341
251
69
594
746
474
119
440
181
61
699
415
923
549
115
361
221
924
413
300
481
454
336
594
634
5
369
385
288
690
720
654
474
450
602
163
839
45
791
884
245
624
164
963
812
296
113
449
111
828
473
953
184
903
45
435
863
658
764
474
37
798
639
641
858
164
873
751
323
772
667
200
59
344
577
415
949
802
117
37
641
798
141
117
937
710
980
823
465
120
640
987
529
188
639
66
906
751
685
839
221
587
207
348
217
370
495
947
861
731
466
373
767
617
23
757
525
859
483
932
444
648
483
638
273
951
159
814
478
947
609
831
573
979
394
462
997
258
514
484
204
264
992
833
189
852
77
230
676
403
176
991
279
480
846
402
696
430
810
391
405
650
257
707
890
777
66
11
90
577
498
201
780
108
902
794
224
746
595
668
144
893
407
635
14
877
471
984
149
30
823
685
478
944
263
891
799
400
975
748
399
475
769
406
509
900
158
657
666
984
2
163
99
108
639
227
313
853
615
636
719
646
353
128
63
677
925
950
415
227
753
527
40
992
723
971
106
302
873
319
286
996
700
982
258
607
20
109
181
431
65
979
190
863
587
953
463
532
821
535
548
602
130
848
822
138
520
374
770
144
861
139
37
916
811
908
390
952
357
175
819
889
809
497
366
683
446
58
469
663
168
969
606
5
111
355
143
219
166
847
377
987
374
539
977
173
981
486
708
67
158
494
598
838
589
226
439
9
299
897
717
208
297
415
627
824
876
201
770
258
637
81
596
483
763
799
752
857
789
66
349
150
346
788
607
476
923
884
36
938
112
619
920
628
461
484
139
541
362
207
626
946
582
537
913
82
842
621
981
78
47
30
616
630
788
229
523
801
628
102
651
487
434
217
984
947
780
576
743
345
657
209
749
195
915
551
151
259
591
742
719
606
909
506
941
5
498
512
995
506
683
577
723
696
83
64
410
782
379
2
11
131
460
814
650
172
118
828
560
645
125
827
771
881
245
31
557
711
60
669
66
355
904
641
296
331
345
545
48
226
93
895
6
793
843
938
50
882
67
394
154
12
545
489
203
843
355
450
664
281
13
943
484
876
941
944
199
798
331
532
91
739
950
304
913
340
85
457
726
396
370
178
150
602
953
90
769
952
414
5
118
691
823
216
185
620
933
187
15
152
518
700
955
67
876
414
961
1000
415
731
688
953
25
934
704
165
225
145
773
833
15
322
927
916
185
151
175
213
616
489
978
508
244
979
848
975
92
24
362
408
611
204
863
783
753
795
201
214
705
532
588
974
115
44
530
41
761
329
471
613
276
828
588
166
494
815
360
930
176
926
479
30
642
861
621
385
788
399
427
113
939
500
526
437
67
589
451
332
906
389
883
787
536
176
163
954
390
834
27
106
676
546
726
94
960
780
443
600
832
101
473
470
933
566
145
612
349
10
199
54
310
303
210
274
642
939
286
623
15
247
122
828
323
319
370
156
759
389
417
59
496
104
92
902
62
557
197
301
69
138
635
483
892
687
354
704
873
774
977
697
459
588
136
939
891
228
128
127
917
326
30
351
673
584
244
587
825
149
15
795
294
683
607
167
572
680
304
97
668
246
121
151
227
932
786
104
156
743
315
551
12
623
811
666
125
724
168
759
995
778
315
322
975
965
78
455
188
470
491
209
997
403
783
627
570
334
148
176
39
785
235
625
282
118
254
713
78
289
60
804
594
904
225
704
322
872
699
934
874
383
958
192
845
149
165
169
951
813
494
731
459
715
708
366
858
221
900
349
830
790
391
594
275
16
200
538
316
995
693
897
21
194
848
503
123
863
523
23
896
115
612
126
348
156
902
674
100
147
118
922
117
409
199
925
640
440
478
471
165
425
528
66
217
300
221
786
825
590
553
943
251
559
114
440
741
450
28
564
330
670
896
590
766
283
708
151
763
712
399
17
858
394
582
45
400
301
103
231
202
609
248
88
654
514
395
350
566
183