3978
1386
5985
9785
4081
9124
7844
7414
6478
9643
5303
2266
3267
8945
9332
2384
8726
6535
7249
2403
8399
6073
9508
1003
4902
2697
3173
7212
9461
338
2289
6624
1289
9953
6486
4326
7922
6799
7782
8528
9933
4333
932
486
5148
8290
6427
2761
789
3669
3825
5927
8594
9574
9386
608
9642
705
2876
5768
3488
5523
3931
6732
2582
4038
2796
8674
1456
7425
1392
9786
3402
48
8915
3296
8275
1042
170
7801
1690
1561
6913
4153
7053
3474
8460
1602
3277
4934
400
8475
6630
5498
2038
535
7330
1077
2525
509
6696
5329
4554
8131
5525
538
4604
7864
5229
791
5379
1026
5458
4338
1120
7398
8175
1333
8556
1318
8635
8852
9449
5389
1389
9709
6340
8285
8883
6651
7070
2999
5982
5640
9860
3029
8141
562
3185
8227
8891
3663
5608
8364
4638
3808
3421
7550
7826
1680
3051
1833
646
2677
251
1022
7852
7035
5421
2866
992
4868
7155
1849
5504
4361
7291
6378
1886
5848
8019
6416
6125
3849
2883
7685
3886
6946
1733
2967
9606
3252
3055
1482
7606
3952
4746
5316
1754
2843
4052
2719
102
6289
3955
5081
9254
2343
6010
9250
8027
8105
3995
1820
9054
871
5775
6314
6219
2865
5196
4561
5164
506
8058
3589
1925
3335
7259
9739
5973
5045
3703
9348
8999
3644
1289
8889
1831
9778
3945
5173
3547
2253
1510
5161
3890
5687
9040
3108
4772
7975
5082
4897
7566
7523
4279
2728
7822
9668
8140
3613
2575
2568
840
2245
5085
6164
6619
3650
3471
2250
9028
2390
2240
9029
5828
8769
1403
346
1619
8899
8312
6998
6972
977
5210
2240
1560
637
7943
7989
1242
6392
6418
4046
9528
303
6360
2676
6092
8396
8499
6448
7377
2986
6231
6561
1422
758
9892
5896
6076
752
811
425
6983
9307
6154
1677
1941
5
4637
2946
2483
1124
4598
6004
3637
6954
6784
3832
5084
3116
269
3956
5259
4213
189
4065
5612
924
7595
1618
4384
1263
8077
7388
7160
8480
3795
8963
3106
6694
1510
1667
9384
574
4087
7632
2647
91
5261
5719
6631
5337
2825
7198
675
8880
4349
5718
2321
4322
2954
2656
3406
2558
906
3994
7705
504
84
601
9306
1304
2165
5466
2736
8125
8746
5707
6559
3163
7861
3013
7868
8004
4687
1136
9013
1184
3853
118
4868
2021
2362
1503
6931
2376
8861
6640
1258
4770
3729
8149
5590
1942
9639
1461
5318
9380
9530
8118
6968
6486
8925
6324
7734
3829
7666
8752
9191
9133
1891
1704
6570
3183
6563
4817
3645
7376
2085
6568
2210
4816
6239
6755
5269
4412
868
2828
1988
9156
6487
7276
2560
5553
6406
3984
8377
6751
8944
8032
3998
9891
8044
4741
832
7469
3311
9641
7268
3125
6520
7423
7247
1701
4056
7539
3349
9087
2481
8899
4069
618
9980
6501
9503
6453
4299
6706
3807
3137
2524
9357
4
6508
7088
297
8609
1682
9158
956
5523
7698
928
308
1193
4161
6823
1719
6658
4638
5585
9054
2584
6350
1261
7008
277
6031
8339
2245
6215
8719
9848
2050
7747
534
3087
3157
8948
1341
7562
6947
5957
6815
4872
2693
3155
6563
354
4764
765
7366
2120
2702
5315
8912
1199
9418
244
8055
5968
7449
7669
6598
9512
3325
108
7901
564
1082
8541
1342
7162
2431
9128
6138
9638
9642
556
1315
8650
6006
1683
1443
9887
8268
8915
2296
1747
6384
4087
1138
374
7268
7598
9429
5037
83
7681
3454
1380
2858
7070
8457
9737
1256
5815
1220
8639
6212
3931
4759
7501
5252
4411
1910
2826
252
7400
609
4395
5626
3335
3002
5205
4811
2167
4924
9835
3652
8817
3909
8112
3760
6343
5433
9133
7983
8481
448
3761
3233
6003
6386
7011
2472
3382
4870
1043
7456
6737
5879
6073
7828
2209
8561
4627
7398
4207
2493
8449
4699
4359
4890
5452
5888
515
5554
8237
9394
221
9171
3827
1580
1461
5327
5199
5984
7071
996
7485
7574
7403
4221
2865
9598
8676
8509
4405
4483
9727
3186
1463
4922
6516
2724
2270
7175
2369
6923
5605
9061
4372
5498
4617
5895
4963
8681
6102
3354
4856
110
3062
2289
3235
1237
8674
6470
8742
1255
5516
4660
3097
4634
8314
4152
8536
1928
7828
8088
1644
654
5201
1785
3862
1527
2003
8542
5765
9802
6154
1597
2780
7229
2703
9292
5486
539
195
5668
3243
1322
7511
9790
6282
8452
7311
6072
1006
6170
7006
7631
1089
1934
3643
7851
1141
9575
4424
5578
1173
7438
9454
5408
5632
836
6366
6450
9270
6458
5399
6829
8357
314
5278
5274
4395
8868
4963
1769
773
1653
4747
2125
9338
3967
7151
9662
8534
8653
3387
3121
5052
6895
8687
1701
1375
9210
7749
1403
8549
7883
4693
1739
8975
338
2377
7721
183
4330
8850
9794
5742
4787
1512
8561
9399
7559
4646
5704
3620
4847
7297
1773
3098
9353
570
3233
8667
7508
676
727
6112
5318
5959
7253
9173
4130
8166
1032
1571
5703
6543
2224
1366
671
1985
7422
4216
9650
7638
2936
9699
1534
1680
4306
3497
291
17
6591
7085
1628
3451
3704
9592
2415
3923
3576
2150
2009
8498
1819
8007
4807
4182
4600
1059
4759
5961
4539
3781
6956
3658
4352
9806
5659
2808
6016
7800
2624
7837
3786
7776
9490
2196
8214
6979
6082
2404
7101
8247
9907
2572
5739
2051
9235
9679
8372
697
3224
4954
2519
745
9966
9044
4288
9592
8694
4587
2066
5076
3694
3994
3294
5435
262
9259
3085
9284
1689
1377
6412
3808
7589
5151
9578
8590
9588
5903
465
4518
4551
3678
1274
637
7977
5218
9635
3796
2260
8087
5019
660
3544
864
8098
2519
1958
6605
5650
8500
5055
6623
6805
6175
2227
7812
5050
2285
4948
7211
4536
5818
236
6563
6308
9203
7901
6885
8034
2509
8765
8522
905
365
3737
1869
9042
8499
2469
6804
636
5693
6438
6181
9097
5861
6283
8011
1690
3408
9622
2123
1932
9242
1602
7932
4888
8862
3618
9953
2945
4604
3268
7120
8499
2870
5752
7177
7948
9201
7895
1171
8906
9149
8476
3694
176
532
57
7290
2487
7546
4257
4256
3853
8226
1648
9932
6913
1716
3894
2862
4682
368
5633
2906
2365
1579
8500
4927
3965
1259
2919
2813
8128
6598
8862
6573
60
8323
1138
5309
4113
2296
9935
8007
2550
1044
8596
1634
4153
8927
8993
5024
8297
6755
9033
104
2728
7050
9664
4892
5008
8332
1885
9305
2710
9544
8605
7653
9459
5109
3999
2963
9030
6456
8810
7108
5959
2383
4088
6636
8496
2765
1389
6566
697
8386
1417
1022
4275
4838
484
1615
1382
2054
2654
359
7900
1342
455
5379
9968
4101
9766
4034
2603
3918
7479
5995
9922
5275
8762
4381
7984
9541
5809
7642
2517
1531
4097
2017
776
9988
5744
8447
2684
6348
6426
4173
9631
1140
4533
1995
2178
2528
81
4179
5815
8148
3980
2234
8854
9641
5621
7137
7296
2071
6705
9747
1240
1595
156
1346
9057
957
2884
4142
3658
250
6514
3361
7277
8868
6134
4432
9918
5660
1105
1377
4379
2013
125
3280
6631
6564
4169
2875
2857
2065
6945
5898
7038
6317
9125
7461
9956
5022
1093
8731
3256
9145
721
9746
5570
6149
6731
4420
8875
4391
915
9437
1252
2558
3797
6984
100
8093
7959
4760
6673
1294
1966
8764
1659
4485
8865
9142
2971
9257
7149
2101
9333
9376
3295
2436
1328
9061
2039
741
2480
6824
6166
4941
7061
6488
8408
7596
8857
3067
1065
1894
2677
5549
2202
5618
5465
6900
3914
1596
8478
3948
5567
2471
4780
4615
6209
2665
605
6744
6949
9101
5620
7204
7576
7089
5313
9876
8374
6686
1276
4824
1068
4055
4900
1237
3327
9106
3666
6995
2283
9216
3663
9101
3149
573
3190
3594
4869
334
6195
232
2073
5909
5733
2053
1796
4067
2591
6967
3518
1771
2976
2611
4828
1153
7743
768
8023
2479
7366
3649
2234
2951
3042
9079
5358
9272
5066
1115
7207
7532
8491
6770
1198
7340
7898
4179
1460
9206
3163
759
7047
1229
4317
7408
3506
7987
2376
6354
4380
2283
6291
3626
595
6643
6223
1730
9018
8422
7369
6818
4122
967
1475
2708
7398
4000
3640
6017
6482
4037
2046
4640
3208
7847
7237
5920
3178
7832
9101
4181
5638
1031
7172
4139
3117
2473
5429
4066
9229
7410
8650
6777
8567
2466
2349
6319
883
1474
9147
1774
1362
5355
3309
3815
9387
364
2247
90
9273
8107
7122
109
4908
5959
3044
1517
2094
8220
3646
6730
3731
5172
9890
9962
7207
1848
944
2104
6307
4690
4411
2724
1439
2347
3598
1915
8363
8117
5778
8658
5431
8449
1264
806
2926
9271
5753
5602
3995
1691
7999
2224
5266
997
4577
6826
4449
5398
6831
2397
6757
3240
1124
4189
2374
9236
8947
1623
4527
5280
1086
290
9403
4328
9801
5132
3680
1855
2640
4702
5104
6300
2773
87
674
777
5425
7869
4404
8103
6093
6692
6
9238
369
6810
2847
5069
4111
4027
5866
4651
9588
8385
5171
9560
8981
2479
3410
2909
5459
4543
7608
9772
8751
1104
673
2604
5963
7584
55
7600
7653
4057
6569
8366
2402
3372
2330
366
8739
7217
1528
8733
1146
1266
1219
5722
9946
60
6439
5357
312
4009
1031
8478
6436
5900
3755
933
1695
5482
671
6680
3421
9222
5134
6095
1525
1125
8634
7969
1368
6991
2349
5122
3130
740
6735
1567
3984
5905
5928
5085
7440
4741
8063
4531
2282
7998
3112
72
9260
5139
7022
6564
3071
7049
4295
4844
2184
2572
487
232
1147
649
1552
4658
5043
383
9239
6432
7090
6698
6559
3543
3319
8559
29
8942
4649
1474
8800
7726
4553
4963
2563
8597
8032
6863
5349
8063
6914
5504
3042
5962
7175
9061
3865
7187
1633
6867
7292
8524
4021
5771
7062
9096
1743
5981
1306
7434
1898
5754
7683
6292
1865
9894
9313
645
7211
6094
6472
5331
9332
3684
2273
8438
5378
8495
8027
9805
7443
4574
4323
6650
1837
316
6968
8423
8661
460
2357
2082
7807
4147
1613
4800
6837
6900
5511
3887
2184
3160
7077
6736
8026
7115
4036
6139
7900
6431
3232
8568
5352
2022
7317
4978
1433
8364
7702
3786
2759
1382
8981
9029
5971
3575
27
6969
1998
3979
6459
4629
290
6489
3356
8174
1725
800
8313
29
9621
3406
857
1440
3152
7903
4540
7604
2615
3608
1891
799
8587
8133
5820
5107
3255
680
1335
7567
5963
9536
1693
2181
7303
5884
4557
7164
2420
819
7868
2409
537
2873
8112
8969
6904
7507
6632
6997
1868
4488
9385
2721
2012
4159
9226
130
2339
243
3014
7077
6688
1572
1939
6594
9345
9615
9004
2919
3183
9747
6599
7413
6875
4045
8951
7665
2390
1718
5315
5199
3155
1278
6105
9628
5846
9168
2704
9127
2850
1093
6690
4232
6374
6628
838
5570
7819
8104
3210
3031
2560
551
818
4247
9077
5542
2374
8124
6230
7855
8275
1150
864
1793
858
1289
8251
7021
2824
7555
622
3068
7259
8031
7376
98
6117
9894
1475
2686
2342
4351
8721
9001
9752
8895
771
3530
5099
842
9283
6117
7618
4818
2496
3787
1489
1365
1288
7043
4887
5814
2947
4026
9003
7596
9102
3054
4911
6593
1817
585
9999
2363
428
2539
7843
5120
7611
6503
4403
6388
6966
9451
7186
2693
9730
950
449
7882
3327
1150
6931
2061
6904
8944
6763
1851
8631
8130
3187
4592
1083
5310
9206
7771
7446
5140
8728
6079
4858
5848
6523
8781
6556
5462
8857
9420
5807
5856
5575
2676
1924
6365
6199
2526
7070
1327
4361
9224
8250
3125
4050
740
5829
193
4044
35
5015
202
5832
3951
5276
2741
9456
7601
6970
9483
9030
6949
2881
691
5677
4663
6771
4238
7831
283
1235
8621
1288
1246
6261
4175
5906
8155
2814
45
3852
867
5315
8570
8675
1935
9023
7713
1982
1532
7119
9793
5363
2014
2324
8640
7751
274
1072
9021
8669
229
4747
585
1138
5909
8061
4821
2987
1458
4987
5416
1065
7925
1947
9704
2369
525
1830
3341
8531
6942
7634
8902
7636
7829
6379
35
7753
3717
2662
6661
696
6460
4638
9067
5242
1808
9035
9294
1415
2960
8083
6981
4368
9340
322
9040
7247
2467
125
126
2001
3700
3396
6593
3467
9122
3800
7669
1388
6823
4710
110
2166
2513
7332
4194
338
4942
5546
2604
1458
3398
9194
9742
6055
8635
9399
525
5287
4690
6448
6795
3934
7406
95
2558
6990
8962
4152
1808
2994
1468
3333
9491
6289
4004
9119
5317
3192
4796
9117
7686
1142
6013
6426
4907
6091
6988
4935
3021
2125
6042
3927
5923
52
2985
5646
602
6944
7461
8022
4912
4194
6010
7589
6142
6354
9507
2603
5613
4808
9441
2119
2964
3950
34
6608
6697
4268
7418
1436
1096
4212
2052
6391
499
1754
612
3162
5056
4959
8010
4859
9795
6670
275
7188
3213
5859
655
9672
5173
9111
6
9293
7929
2833
7368
4565
5642
7969
6303
2460
9080
5565
2270
6854
1450
3195
6905
8238
282
1934
8659
4839
4970
1882
5192
457
3689
3521
8799
9570
8082
9774
6068
1374
1043
2941
3993
997
799
3467
2648
6591
6373
4121
8689
526
7997
4529
6783
5735
1728
9994
7885
3490
9966
6966
22
9609
6985
6729
1891
5225
5910
8972
359
129
6216
8079
5535
8943
1544
7213
1519
2827
5335
9235
4941
9289
146
3487
1085
5036
2841
699
6201
9864
460
3810
5820
1706
9459
2888
7999
6883
760
8190
1344
6413
2965
2650
6995
8872
6005
1313
4996
78
7126
3074
7025
4364
5019
6028
2447
2611
1878
1037
6370
2853
6603
7146
3789
7858
8758
2051
6286
3914
8621
4328
2208
6898
7243
6953
1210
1614
5728
3159
1129
5464
8026
3845
2419
9363
3739
6975
2334
6004
3373
5582
9203
6373
3581
8613
229
9266
7322
1837
8912
9012
1346
8789
9274
5237
2781
8872
4979
2695
4842
4434
2022
8324
7817
6828
6466
2106
6062
5354
2141
1953
8675
511
4516
8905
8959
8488
5971
851
4801
3268
2591
7342
2327
7496
1658
3514
8508
3025
3580
5071
4415
3925
5479
5275
1003
6202
554
3391
2168
9726
4961
5680
2201
253
3335
5368
1156
1914
1149
9812
7322
3869
2594
9737
9071
5579
6025
7207
6156
9110
812
2267
8284
5911
732
2430
6552
6968
3566
7563
6742
8611
5967
1900
6452
1717
1918
6811
868
7682
378
5354
2375
4964
9651
7377
7108
129
1587
7103
8994
5600
5901
7758
6173
3081
9125
3186
9727
8865
8011
530
6744
4791
7721
2231
5912
8982
3871
7413
6689
4910
7669
6292
9414
4849
628
3221
2628
4043
8300
1927
4924
8598
324
3877
2745
6370
1964
156
3401
5449
1443
6728
146
7946
2060
6377
9790
2887
2672
5135
9560
8349
1027
1736
4921
7228
2198
5640
985
1434
7260
3268
3151
5051
2070
9749
6476
8884
5695
5445
3580
9751
2914
5253
3707
3494
8358
9302
7086
8719
8572
1530
4368
8761
9810
7054
3041
6861
9057
620
7450
4266
4075
5380
3906
935
1583
9572
6899
4781
3960
1793
2888
1397
7156
5540
3308
7575
3928
2513
2542
6750
8344
5848
8176
3
9086
3641
3417
630
2000
8471
2704
5185
3716
9695
355
3661
2081
4184
1203
9319
9944
3350
9007
2417
5724
8586
3153
3570
2577
915
9749
5397
1774
1125
7418
9555
2723
4507
778
7659
1094
3493
4977
1071
6766
125
9394
1713
8794
3689
2386
3360
7528
1202
7068
8862
1710
2832
6813
5677
3061
4360
5307
135
3556
4537
2361
9011
582
563
5775
3213
1792
837
1455
371
7513
5313
965
6259
788
7447
7891
187
7478
7285
571
7771
7390
4701
7287
2346
6559
4746
1355
9403
2157
2392
3876
2976
5981
8205
483
5973
8491
6400
4624
1856
5118
4604
3367
9095
329
9566
1212
8388
6922
686
2857
1314
4235
3803
2059
5504
5160
4107
234
5169
317
1221
3190
8592
1993
9174
3562
982
266
8336
1638
3840
1718
7676
5963
7206
1064
9874
3981
4963
2438
3513
7648
1796
3492
7099
3886
4189
264
8369
4614
8391
3388
9986
3180
4793
3897
1729
6338
5654
2903
6920
5426
6682
9776
2180
8064
3497
4604
5706
6314
5086
7679
5123
9049
8078
9011
791
4096
8838
5999
6144
7701
2018
2127
1069
6217
9091
5393
1195
9513
8596
3558
4239
1621
4782
180
1550
2553
3810
719
5920
3122
3776
1307
3957
2800
7065
3566
5483
9952
5753
2864
1869
3887
7426
393
3678
587
9897
4611
3081
4719
5232
3289
9423
3388
9587
9540
7156
1027
8724
9359
4140
40
6469
2924
6201
5401
2978
2674
8078
2861
8139
7041
3913
5212
4202
3012
2992
1842
7560
8709
7231
9785
8819
3329
8722
3061
8622
3303
5091
8371
4723
5975
3066
4105
1094
7224
9681
7063
979
6458
7218
3296
8419
8739
2390
9632
8888
9904
8098
4868
5387
6417
8835
2109
397
5588
6908
1596
5215
248
6843
2715
4985
8128
559
7189
5376
2024
2130
5776
7582
3612
7083
1571
1048
4149
4272
222
900
8826
9305
1606
5579
4599
4073
8524
7434
7576
8779
6401
869
7159
641
6778
8466
9291
1225
2644
6213
4160
387
6272
4719
6874
2661
2281
9109
6040
5485
8745
669
583
5562
1086
6891
4980
6592
5947
8940
5285
2594
6721
5205
7255
6647
2866
4712
4284
7942
7176
7414
34
9407
641
6938
3837
6335
3596
7842
1606
6130
2979
3517
1306
8062
7885
8805
6741
1856
3350
1771
3896
4181
3588
1028
7699
9893
2589
6441
7659
3876
882
9107
4941
7163
9876
7923
3832
1417
9486
6002
8077
4807
3986
4502
73
746
5965
1736
4041
57
8460
5276
6309
851
4319
8553
1299
9080
8490
5565
7378
4029
1995
7846
8100
3728
6234
6463
3781
7363
1053
279
2472
7168
7056
1865
1353
8964
7687
9271
4937
3198
8077
5856
4607
6357
9767
7092
2079
9834
3118
7967
450
3166
6930
8063
9870
4667
1844
7804
4671
404
2909
968
8509
1281
4981
8136
9115
254
4
8667
9479
1836
9537
1508
6746
7848
6882
8040
4133
9247
8055
1573
8881
2436
3199
1515
5256
7625
9426
7585
5521
4622
5862
4843
8400
4647
1978
3181
4893
922
6504
6587
4500
9428
5046
4823
2686
6637
8345
6350
5944
869
252
47
3703
9533
3112
3830
8139
747
201
8868
7069
2504
7478
6765
5939
4227
4451
7362
6120
334
7597
7
2167
3363
6265
5243
4091
482
1663
246
5451
3770
3041
5899
3837
4280
6144
9608
2017
6653
1714
608
6937
2683
1167
1208
8914
3565
7742
5603
2862
4902
7204
2667
5363
4631
8096
9938
7236
3069
2628
5494
1302
6012
4827
5318
8257
5113
7587
7100
770
613
9084
4562
1036
2688
5402
1337
1809
5329
4488
2649
9651
5351
5087
5892
5745
4715
8758
7367
1317
9317
2330
1726
8830
9302
9141
6577
2717
4006
2323
6111
8130
4394
5834
5899
4867
3202
8534
8049
4824
9196
3868
6274
3672
1237
447
8841
3623
1713
3084
2461
3862
7208
1506
8747
2924
964
1789
1651
4755
2722
5948
2737
9475
5630
9372
6740
4377
9775
6430
3339
8310
5683
78
1061
1812
3716
6322
2846
380
5311
9930
3439
5653
4651
1388
5688
4039
6315
9274
4313
9474
8025
1685
8203
3761
1019
3174
5504
3557
183
5566
5422
171
9988
4576
6225
9842
1035
4735
3516
9941
6456
1473
6759
7319
4075
3611
2494
1546
9030
9223
9587
4097
4488
7325
3827
237
5695
7100
2556
3496
7189
6886
5391
7052
1050
4609
802
3443
1057
6162
7475
2763
8643
5837
8247
6008
9072
5350
9604
8304
4940
5846
3632
4660
1325
3819
7147
4290
6108
9955
4701
1281
6733
710
3262
9610
3519
4563
640
4318
5350
9476
3529
4622
1131
9358
7380
912
3673
4944
2337
2143
1302
3294
4770
5615
2873
2639
976
9716
8192
4438
9927
2777
408
8091
4855
876
5494
2559
1418
1084
1747
8121
7994
7945
7756
9236
6320
7045
85
101
2374
5442
4935
1882
7040
4025
1569
7107
4712
5501
9023
2849
3862
5880
9772
8520
2069
1922
491
5232
410
2124
1186
5321
6056
3380
6828
9638
6700
4664
4974
17
2404
8431
9914
2670
6374
1448
5813
5700
8325
3301
4031
3652
8699
2769
9505
5829
605
5878
1404
697
3063
5704
6227
430
9547
5577
3935
824
3080
1602
3823
860
6338
5243
8508
7122
4315
7157
76
7534
7978
5151
5382
2052
4479
6966
7683
9711
1496
4002
9483
1566
8937
1394
6345
2881
6838
9733
5015
7789
8070
692
7111
7986
7959
2001
4221
9
8262
9167
5472
4148
5449
331
5510
1376
5767
4985
5759
8394
4867
3436
5281
6626
9952
5496
9336
5130
2182
9324
298
5579
7427
1015
1737
3231
1946
7183
3380
8935
5177
4795
3692
7391
6633
7349
6193
1973
8419
8487
7238
5774
8231
1524
7244
3566
735
3185
1626
109
9953
7637
1441
104
2525
6441
4553
332
8143
6977
8841
887
6102
5915
3414
4813
6528
2054
6389
3055
4918
5113
4080
7700
9814
2855
8523
7308
9040
2632
5938
2683
2858
169
1896
6236
7465
4540
6134
2079
8201
1119
3956
5208
2068
4709
6701
317
3124
5751
9962
6477
6372
4090
8900
5819
8358
2497
3854
7919
6235
2410
413
1864
1481
902
2688
3019
6772
1678
2206
3189
5028
5768
1937
9397
2253
4129
4032
1329
8048
8529
6379
2421
9305
50
5185
5187
5854
362
160
1345
3844
1455
6193
3417
1131
3872
6739
1034
300
5477
8860
1474
4670
8917
7310
6215
9116
9676
9239
5479
2809
2263
9564
8779
4177
4322
5619
3635
8637
8986
8374
1408
9952
564
9020
5283
4681
680
317
3010
486
831
1473
2806
6759
2832
9266
7909
8192
1881
7174
7956
5015
7253
1568
82
7463
7508
9271
7256
634
4689
8011
2495
2825
6755
1327
809
3780
2501
6134
4724
8773
5697
2629
870
4035
3310
527
6123
5325
1159
7397
1763
1473
9465
6400
407
232
4586
7251
5998
3487
3659
2467
2513
1540
4622
8154
9341
1872
9269
3513
9542
9157
9863
5278
8601
8481
2166
1038
5726
4280
865
7611
6979
1491
6581
3290
3085
6239
983
5839
7429
8020
6702
7584
8880
1195
9880
9895
590
5941
9177
2867
1063
3379
1801
7882
4009
1274
8857
7077
6283
979
8546
294
8774
2205
238
7337
1392
9882
6411
4420
5065
5804
5204
211
7117
9764
3543
6235
3436
1688
7184
4295
9473
2815
6696
6459
7212
1924
3695
5484
2992
3817
7518
101
6612
3775
2458
7676
7802
1279
574
7822
3658
6038
2072
7970
9183
8791
3263
919
862
2953
9446
2286
8128
3416
7006
877
2465
5913
684
2324
2683
8958
8048
4960
9437
67
5606
742
4160
2579
697
2282
7289
5744
6517
9838
5084
6685
460
9182
9954
2019
795
4165
4488
4777
5879
6166
770
7740
2727
4401
5050
4084
8928
669
4556
150
3103
9551
6733
7706
6535
5904
9153
9396
5368
7346
2807
7801
2891
6559
6052
1883
3899
9612
1411
718
9913
4354
8905
9603
6531
7077
4838
8382
7346
4075
6611
540
8481
116
538
8226
7586
9953
1240
3387
3770
9886
1252
3479
1321
7550
3113
6643
1649
9779
3373
4205
3525
9587
6204
344
4713
7427
1192
7970
8436
5188
1996
6090
6262
5998
759
1645
9507
9823
1947
4159
32
9603
7318
5088
8458
6813
4600
2358
4767
9252
8738
516
3105
2416
1401
6270
9413
1257
4809
1203
898
5387
7649
9371
9138
2383
1397
4133
6291
1311
7064
6191
4765
6898
841
1889
9932
3714
5845
7182
6487
7582
6196
1106
8068
6263
1397
8656
4404
1874
6709
2304
6993
4454
6239
5941
9890
815
9386
496
6347
4413
1475
4126
4333
6045
6228
1715
4891
8374
2656
8611
2981
4513
823
8213
7955
9112
8804
7733
2215
861
3742
5707
7730
3056
3119
6052
3003
8170
1985
6112
1423
173
5048
2962
4487
5083
2900
6277
9113
1359
9759
6722
2371
810
3530
3649
9777
7704
3503
3577
7144
9644
5957
6395
8009
5994
5676
6515
3991
1243
7032
2024
5598
1093
4326
7141
8334
8238
6663
5102
9298
4582
1810
4556
6039
7845
7471
9516
4109
674
363
7968
4627
4246
3148
8330
2437
7318
8288
3592
3356
751
8298
630
9452
4003
8075
8768
4439
4404
4961
9729
1153
636
7101
6223
4803
2881
3791
2223
5107
9213
260
2422
4584
1410
2978
2516
1481
5624
4512
4085
1280
1962
1585
8323
9470
6133
3076
4712
406
4141
9764
4208
8084
4606
8938
3365
4659
9076
3224
4088
909
2403
1422
4260
813
8649
9344
7488
3814
5413
4269
9471
7639
4675
5508
8973
5617
5664
7586
4021
8607
2943
5163
6952
3800
8214
4634
2063
1427
6873
9838
121
161
6291
1684
4049
7664
1057
7275
5681
1765
6865
9723
5797
846
9617
85
3404
4432
2991
992
8234
4843
6730
1414
9859
5583
4753
4554
8594
339
9533
5144
4644
4389
6515
189
2717
8475
9010
8953
9982
3476
5005
8323
9038
568
9632
2147
5115
225
9374
3316
1622
8709
3689
4254
7766
4101
4668
4720
1904
4222
2002
9401
5937
1434
2896
2197
501
9786
9135
5641
7801
9137
9139
3401
3275
1799
1047
3427
7519
6652
7304
4012
1338
2447
4182
6872
9444
2294
8515
3751
1562
93
8316
6138
3360
3109
8365
85
2849
7497
9385
9723
4628
546
5803
9518
4204
5460
6723
6678
5106
1483
4146
1503
4886
3447
914
5675
4295
9854
7441
3376
3587
1124
363
2735
2461
254
8996
898
2836
3039
5285
408
4315
3439
9925
4878
8614
85
4573
1784
4014
2094
7595
7939
9000
4930
5155
7781
9770
6158
5480
4578
7456
4313
8142
8131
6489
7583
6166
2822
2493
1840
8359
4337
8284
7259
7709
6752
8238
5175
1927
2536
6964
4505
9998
171
7012
105
1862
9281
1935
361
5760
3025
8586
6059
3742
831
2758
1776
9351
4910
9882
7643
9938
2006
9345
1971
2535
3163
7549
8582
189
3342
211
9461
117
2291
122
6197
9051
4592
5155
7136
5938
393
5365
8605
192
7987
1246
6178
4307
667
2656
4205
666
953
481
6445
1094
9794
2272
6791
265
2409
7536
6708
1857
4848
1379
4938
5291
3637
8337
5273
7050
2505
1098
2369
2004
1012
6433
928
9845
7730
8746
8309
6189
1676
6569
7460
9266
3592
5467
4316
6502
4624
1241
9037
4965
6705
4198
303
774
4634
5221
7737
5824
7481
6234
8609
5953
7466
23
7057
2513
1733
8925
409
2563
1180
156
6458
895
8570
2447
188
3174
7339
2150
5106
9305
8580
9914
6883
2615
295
4885
8408
6755
8091
4037
2853
3987
9569
1194
2741
9360
6895
5609
2301
3051
1653
7447
9797
6407
3984
8340
137
5196
4358
5294
799
9079
1093
3605
4552
5959
2654
6770
4305
128
728
3557
3586
8606
2079
6675
4536
1226
136
3095
9162
4153
6196
525
6053
5887
2546
7909
2082
4415
6333
122
3602
8246
2080
1097
9403
538
5653
6002
2495
2392
4870
2946
5442
6896
1139
592
6865
8513
1217
3793
1350
4935
8702
1364
4636
2817
6864
334
6535
1800
2491
1325
689
5575
6486
6456
5328
2058
8737
4641
1488
63
348
4210
7417
8021
9194
2618
6788
1254
6294
672
5127
3106
6609
6710
3588
9883
8610
5943
4490
3402
1564
8359
341
3601
5561
7814
9631
1728
4968
2085
143
6401
4494
3825
991
8396
2795
6326
5972
3219
4399
9056
7046
2659
4634
6832
5595
3837
8736
4369
6950
9203
601
6337
5295
3295
256
5198
358
6657
5505
384
5153
3101
8112
4865
7636
8836
7663
3484
3896
9264
6906
7460
4325
7806
1171
4036
9599
6652
3471
3900
1991
4228
7050
4656
6534
6264
5635
2480
9151
9083
8389
624
7476
2530
1535
4264
3048
1035
5632
7280
8389
4324
9437
9570
8435
4090
6606
2976
7070
644
4561
3274
8092
5436
5167
3361
1750
5733
6811
5100
1952
2472
6858
4704
5168
9439
3446
7139
4571
934
4842
6823
744
2700
4549
8598
6148
1103
7734
1817
314
4154
6311
6655
2696
1915
8245
9429
9846
6871
5689
5894
7653
1681
6479
2059
5782
255
6518
5462
4787
2510
6934
9980
8613
6786
7249
8482
8813
2234
4798
4980
5021
5289
95
4022
8184
4841
1000
5724
3712
7012
9872
4870
7521
2337
4239
126
3593
5269
4650
3956
427
1827
3428
9083
7109
9813
6612
6375
2952
6812
839
5679
5966
5747
6327
2312
7287
5702
4899
2294
1233
1827
5315
8544
7589
8882
111
6880
4515
859
7779
6110
826
2914
5657
6632
9036
6929
6326
4751
8831
5020
7645
1827
3281
2562
9660
9288
3671
7606
8995
8527
643
350
1993
9735
2711
8064
9417
3979
163
1692
4022
2534
1596
790
5801
7154
8752
3644
3062
1803
7892
8197
4979
1680
9986
574
1734
9883
3068
6310
3346
8041
6447
4604
7350
5224
109
7406
8586
6194
6014
8282
5696
7890
4815
6142
8207
5795
5802
249
5305
4931
7115
2612
7188
7940
3534
3631
5504
3463
6725
402
9112
6744
495
5977
1437
7390
8915
2916
7136
9977
6369
5380
5048
6431
4738
8564
8592
8919
507
6927
759
6767
3121
3048
6007
6305
1122
7474
3529
8013
9757
5264
1750
3336
6131
9763
215
2896
7438
6685
7007
628
6859
4792
8889
6805
8032
8406
5341
6800
3882
2330
4844
1135
9349
7141
1332
8745
7466
8342
939
1405
8343
4535
1211
6044
6852
1667
539
1132
7953
3616
2314
8453
4496
1699
1470
9683
2586
7042
7739
474
5972
6181
9090
6639
1215
956
8493
4309
8702
3530
12
3354
3091
6750
78
7877
7904
5738
9709
104
9083
8169
4553
9724
6679
4209
6966
5814
2409
8609
1276
6407
466
2502
6765
6844
7370
3355
324
9478
6051
7636
8218
1130
3347
615
6272
5349
4184
237
6169
9137
3776
2031
5729
9352
3313
2419
2662
6197
1756
7411
3357
5870
811
8839
3429
2242
9487
287
9187
4833
5090
1241
1292
309
9828
7384
6947
6705
7923
2441
1431
9391
821
6176
3041
1042
3139
1683
1895
879
4435
5647
1944
8330
5818
2151
4491
6537
3936
6737
3498
360
8332
7527
4834
3782
3137
565
771
2468
1541
3251
7709
7159
4876
3436
4537
2615
8175
9169
1222
1865
4829
8283
3643
2669
9685
9411
7345
4374
540
971
4155
1421
9249
1318
9358
7529
3084
2749
1162
9507
5223
8138
5569
4730
9924
602
429
2926
355
7605
7456
2263
4584
6705
4902
6168
4735
5555
7665
880
2309
7962
8797
2185
296
7161
1802
2408
6454
2380
3293
1806
4778
6205
1866
1492
7627
3887
438
913
8717
9884
5682
1781
1804
3827
8680
9940
4700
9742
987
6093
3738
2143
443
7286
82
4345
6386
6831
5598
3447
6796
9332
819
7371
962
9295
9114
8768
4292
1999
4446
8897
3127
376
9554
5396
9706
6252
1400
7688
8141
4492
2306
8380
5268
5831
1033
2102
7003
5149
4552
9755
7464
1651
2675
6426
8736
3470
4706
5477
9695
2431
1050
8971
7966
6043
9050
7335
7401
987
3300
431
8985
831
9376
8268
8395
211
8631
978
6244
2738
950
3820
612
4432
6188
7136
1020
7448
8002
344
6450
6469
1395
3750
5920
8401
7613
5949
1540
361
7769
8563
2429
4172
6644
8227
5484
4722
5214
389
2536
8852
74
4267
7775
5434
9060
1464
505
5624
4857
6477
1355
1667
6971
3018
3053
9574
7038
9624
9969
2587
5817
2329
7397
2039
2664
4407
9683
3511
927
7410
6217
9096
100
4196
6863
3515
5142
319
4631
9284
9930
5498
9966
2297
819
3389
2753
6144
4341
8035
9461
7822
6255
5475
2180
2250
3948
3526
7624
635
8554
7482
5886
621
4660
3624
744
7563
6438
4426
6767
3747
2564
2185
838
2207
9293
6889
2068
485
6845
6716
8956
5357
3367
9895
7190
2886
8170
3626
6997
2693
4316
4234
8863
6237
1535
4462
7174
153
8854
6314
9283
4668
6029
7155
8002
5894
8801
4446
5716
8630
4853
5447
2271
239
1195
7305
3890
8165
9671
3943
8155
7838
69
6308
3968
9405
431
1571
3680
4521
2763
4898
4313
8906
1436
1625
4875
2129
809
1888
7766
6508
4438
1434
3904
9095
6639
9792
7254
3403
6656
3396
6986
7513
9614
3078
1660
2873
6887
9614
1793
448
2861
2782
1558
960
2396
480
6038
8219
5364
8524
357
705
8562
1697
8830
5401
2270
3701
758
1381
9044
8302
2178
4868
3020
6235
4368
3034
5863
6283
4740
2929
9526
5126
2145
1390
2010
8886
2932
163
5931
8031
7164
975
8391
9447
2059
1766
3261
351
6191
5832
270
1456
9208
2887
1978
7923
1776
6996
9299
9746
9720
6281
3833
3464
9128
6016
9547
9761
6549
3345
8053
4797
8529
1296
7376
5291
9392
131
2151
4312
7477
929
8753
1078
126
7561
8018
4646
426
4909
8553
666
7569
2072
6271
1475
4142
9284
172
9672
926
2581
9230
7148
1994
2301
5597
2989
5152
4264
4575
2525
2377
1573
7792
722
2375
6878
4213
1157
6430
5760
3280
967
817
2393
3871
8397
6164
4500
1499
5165
7631
8672
6084
2137
4973
1202
7481
9559
7725
3728
7980
4938
1176
1522
1996
7699
2237
5692
2749
401
9274
7386
1678
5591
7991
9288
1161
6017
1832
5038
7781
6714
7354
2370
9584
4794
5804
5787
9642
1712
1398
3194
1649
6317
6120
2101
1378
7018
4154
2026
8374
1994
3011
8450
5730
6872
8259
5765
3187
5823
619
421
7503
560
1552
563
9150
4462
513
6693
9287
3054
8864
1033
7457
4365
4257
3275
9239
6864
1971
4371
5559
1302
5627
9046
9039
5541
8931
2512
8519
6539
1021
6522
9333
1086
3601
2183
1665
5613
5349
4061
7227
4129
4938
4955
3037
8295
7241
6034
2486
4050
6791
4445
3699
7199
9565
2107
4867
5959
8499
4981
9139
530
3181
2016
6225
2236
4135
7400
1659
3998
5351
6108
2772
3670
98
1271
6319
6002
896
3679
5723
7894
7523
2005
4156
1922
540
8728
1981
7037
8376
759
8335
7990
250
5495
7707
3848
654
7284
9804
5059
9378
836
8329
7558
9695
4732
2279
5032
1364
5559
8071
4748
5012
3253
9390
7614
1895
9075
3721
5443
4820
3809
5438
8304
631
9263
4921
6766
5222
686
9713
5454
7872
6204
5907
8534
8860
1303
5489
5867
9275
3084
5811
3342
2983
6665
2801
5631
1916
4191
1500
3233
6015
2891
6416
5386
2326
4983
7668
827
9562
2375
4068
5258
6343
8474
4129
2142
8452
1262
7569
3644
8201
1151
3613
5656
72
8579
3684
3777
2775
6794
6377
1756
44
265
4148
223
1881
6267
8621
2985
6
6816
6699
4019
7220
6133
4486
103
4352
3096
4345
1925
3042
671
2744
7444
7944
8995
6091
9609
9284
9226
713
926
3114
5794
6380
5458
6590
1799
8589
4681
3889
627
9502
2738
5243
35
9411
7330
2882
3696
5563
2736
9209
4266
1257
5413
717
2458
833
577
6195
3780
4452
587
484
1475
302
3516
2655
3173
7231
741
8654
9893
3901
6403
4638
5121
5490
5340
532
8179
5744
26
2016
3438
4817
7443
5565
3173
89
2704
9776
8265
5523
4937
6178
4559
6082
4350
94
4074
2204
6026
6905
4427
4432
1097
5666
8388
9611
9576
9371
5655
9240
1082
6260
2360
7901
1733
5303
8836
9683
5121
2286
6197
11
7507
7652
4518
1373
1445
4858
5491
8158
8366
8116
9502
3245
4480
7460
4761
1857
3925
8661
3302
4032
151
6019
5006
1114
8908
2568
1019
424
7011
2664
8082
9855
8963
354
6973
8106
9484
6819
5451
8702
4222
7796
8680
6582
6968
9096
3881
2125
1303
4014
3157
7652
1071
8400
4945
6704
3526
45
2371
3737
8452
3401
4958
2457
1561
1020
306
9993
1259
3041
2485
4274
9963
4835
1531
9035
5798
1907
8138
6867
719
8099
6947
1186
1617
9523
4438
4387
5435
3953
9170
7641
2354
2030
2088
404
898
3816
809
3230
7892
9362
6096
9842
6189
1204
859
6913
9681
3422
7213
8197
3943
5195
5431
8109
5607
1595
3830
9303
9999
2619
5588
6506
1126
2660
5024
4672
465
4494
2657
8381
1078
9340
3970
9351
1453
5972
78
2426
8899
8026
7958
1262
7267
185
9673
7414
4034
3470
4613
9602
8502
3955
7331
5044
2130
6425
1604
1818
2602
9391
9067
430
4207
4082
7535
6840
9067
4748
5695
4730
1164
794
3153
8295
7875
7491
5973
9497
4993
16
1710
6944
1685
628
7880
4268
1971
6777
2526
5103
7529
7322
1991
9761
9665
9759
7646
9881
7531
7872
212
3216
7891
46
6335
8718
3705
9594
657
9731
4235
8008
8383
9947
4892
501
6609
1617
8485
6276
1134
4799
4110
3207
2557
4577
6823
7771
9465
9447
3280
7016
791
1788
9541
1034
8365
8351
9242
4166
4994
7680
4166
6212
5073
7671
7663
2615
4858
1604
6268
1500
9726
582
1645
2750
4347
3894
1317
4743
6700
2574
4351
229
3154
4529
1678
922
9346
2573
2180
7821
1636
7238
6069
9724
8960
4701
6615
537
7449
454
1962
7537
372
5333
5384
8745
1776
8613
386
7941
1099
5969
6427
2939
160
470
3261
8017
9397
7117
1818
7626
4495
5573
7852
613
9657
8026
318
1604
6499
6457
2662
8703
1333
2423
3367
531
6742
4977
2107
8474
5491
3077
535
5369
735
3751
4755
2099
725
8287
9750
2820
8556
9227
693
931
3826
2702
6430
6455
4240
2568
1615
4638
3900
8316
4505
1944
1676
2991
6904
6581
1739
2779
3037
5558
1663
9505
2612
5408
7702
6030
6094
7088
5470
8302
5455
1698
1074
7196
6663
7839
2548
5415
5863
8284
2220
912
9731
2836
4790
6754
3171
4777
5597
1635
2046
6646
6122
7508
7090
6144
183
2247
2963
6878
8878
8185
8891
2788
8057
4018
5875
5052
1514
5855
9998
4172
9817
8256
5097
6439
8416
2021
4137
2432
7554
4719
9701
4442
4801
7631
1941
8261
1090
5849
826
1407
7032
7372
2055
8656
9106
4373
521
8803
2435
803
47
323
3828
352
1712
5372
5149
3610
7278
7903
4661
283
9421
80
8826
3409
7117
6862
4345
4499
7160
466
7697
3104
6631
7705
7720
903
9043
8892
1692
8827
386
3223
8415
8367
7370
5176
1292
6287
3227
2892
2817
7454
9713
5059
2355
1406
315
6200
4152
3051
3078
2454
5653
7023
7872
3469
8183
427
8995
7522
9166
8758
2057
6563
392
1047
5107
5149
5417
5543
1396
9512
9460
6736
9245
5044
2720
3117
3430
9886
3631
7617
9311
131
7608
8270
5311
105
4024
1389
2057
2213
8605
2943
4293
5915
4607
345
5500
5095
9802
5789
7087
5555
4649
2172
3599
9855
6570
2130
9500
7495
9843
7555
4367
7451
5334
5517
6801
693
342
8315
5945
8117
7873
6839
7486
5315
1946
4433
3686
7931
4036
2280
4113
9567
8717
9642
3448
8886
1702
5789
3516
7211
7822
7152
3907
3906
9759
4857
8449
7885
7782
4368
8129
1650
8553
1044
6419
9774
8998
9112
9695
6890
2336
6901
6940
423
8296
7125
3139
8899
7582
4532
2150
2069
2606
4884
7518
8740
4739
1341
7987
3768
8661
9635
7927
7196
2995
2951
1812
1453
9125
8861
453
9089
7624
7172
4456
9381
5177
1836
6241
3359
7465
1851
2215
9094
7926
9985
323
6164
6043
9654
5840
8992
651
1011
6455
9229
5325
4155
5395
8105
9654
2374
1366
4629
347
4625
2958
7506
4146
7720
2495
3185
9327
2795
3783
2310
1415
258
9737
7874
9761
5179
9357
8735
53
7701
4985
1448
6382
1867
5617
8723
7686
1137
4214
9300
5426
916
2112
1558
9944
6399
8988
440
1662
370
1686
652
8375
3019
6972
9485
1641
4246
8269
9955
1828
8250
1509
8616
3450
5723
1383
2009
3202
1813
9619
9755
8936
773
6425
8358
9810
4232
7344
6892
1905
664
1038
6210
5941
7910
6423
551
446
2476
8080
7029
9607
6158
3696
5033
7297
1246
5031
3490
4862
2542
5966
4168
858
4746
6435
7322
4983
8783
6520
7926
9757
8349
9293
8256
2307
265
4196
755
999
9157
7427
1876
7947
2985
49
9242
5476
1645
357
4718
9985
5614
8608
4692
309
9331
9849
5669
8240
3115
5306
5579
1077
8389
6338
1068
8293
2757
1674
9422
7573
454
2307
3470
9387
6309
16
5322
2186
7231
1835
911
8700
9197
7446
5608
6692
3516
6446
7272
4965
2166
6578
3543
3743
5486
1154
9605
5226
1624
9856
5704
8964
2238
3285
4531
3191
8351
6732
4267
5092
4814
6908
1918
7544
2254
7071
7274
1858
4473
30
3027
5998
838
6538
82
2037
2414
2068
2321
3668
9370
6027
6996
4089
5770
4146
1122
812
4778
3947
9032
1715
7984
8889
1552
9310
5401
1899
2128
9328
3503
792
6323
841
8184
6657
4944
4193
2626
6230
8484
6014
458
2040
5797
8005
8469
7806
3574
8619
8822
6418
8665
4261
1578
6352
7411
9160
8579
1097
4769
4293
1558
963
2371
7853
3426
1793
6431
7023
4249
6679
2784
6254
8095
9653
2679
5478
5684
5082
4552
1875
5516
9388
9953
371
1617
8691
4097
9207
7252
6748
9047
5203
7095
1844
5528
2219
2904
785
3823
7695
1737
4584
6734
1227
7877
8804
2068
8193
372
3001
5939
8151
9002
9971
9943
4392
4792
1479
5245
1202
7073
8766
3301
3084
1644
9035
2946
6095
2216
1223
2062
3852
3822
4144
5259
8166
1012
8865
3714
1624
6141
6029
1324
32
7552
509
2363
6186
1216
7214
4797
7532
9814
3201
2216
1011
4729
6931
5092
8803
9187
6375
8666
7515
3990
702
3412
6873
2739
25
8337
8522
6259
5949
7773
2351
6704
9246
4851
2834
41
6
4839
9134
2372
1639
5487
7433
2691
8401
8173
2207
8476
6304
5696
944
6155
3742
6016
3435
4465
6208
8976
2564
121
2541
2851
2262
2345
7439
6181
8055
5715
5898
246
3314
5128
6101
3237
123
4999
6824
5558
9029
9635
3516
9598
6525
787
3700
4690
2524
4424
7224
7612
9899
2746
1857
4982
3033
4193
3996
7428
7097
9447
6536
8932
5641
462
2379
1138
5047
6879
4719
6146
1865
4935
2042
4788
1731
3090
2034
1616
9171
5926
7147
249
4697
823
547
3935
8630
69
3164
6271
8132
5429
1803
2219
3433
3453
4350
4134
822
3445
9800
3278
5967
7686
2115
3175
6427
6252
5418
246
9110
8893
3073
8047
5751
2368
3111
7712
6593
6943
7697
6563
3007
4368
2532
2586
1482
1549
6090
5209
5810
8566
9067
4262
6220
8678
2005
1001
1727
8018
7361
6361
9251
88
5495
4127
8672
4828
7153
4892
8902
7869
4259
4186
9129
3958
8004
6317
8209
1865
6155
8368
512
517
4014
7612
325
7826
9620
1632
9283
6445
977
4455
7792
3114
9041
4495
5932
4333
2139
2630
8834
748
8601
2488
2250
6041
5862
524
2288
5697
8533
6422
871
5808
1035
9580
6899
1562
3563
4458
1609
4965
8159
5352
2745
3676
251
1468
1520
3094
1697
3787
4798
8303
1153
4622
6137
7978
4764
7701
5442
2790
7825
7592
9777
5427
8958
963
347
3802
5295
4876
1566
7315
8063
6757
371
7311
9848
8368
3169
1025
6992
4299
8656
4837
3190
3206
3041
6509
6493
6281
9922
283
6087
6662
2824
3541
3501
2525
3042
4047
1562
4356
419
7368
8885
9419
1224
8224
5524
9198
94
9180
6722
1809
9826
1277
4421
3330
168
7433
3559
1647
3626
358
476
3735
5870
2481
7237
2102
8920
8812
3585
8955
3375
727
36
5281
2018
1464
8420
3634
6035
3797
4515
5587
4607
6828
9301
5518
5523
9955
6759
6714
762
7701
7443
3002
5530
6382
3033
8462
4284
8090
5148
3577
6712
2829
6857
9145
1613
7717
1311
6429
8762
4079
3320
5455
4495
4243
1350
1461
4713
3860
8321
5109
2348
3338
9256
7129
5244
2461
5819
2514
7845
4952
4702
9615
9684
3474
4058
801
556
5362
8329
2748
9800
7353
2070
6665
6061
5985
2658
311
4724
5447
5180
9250
1859
6909
429
7027
8061
9283
3500
3130
5716
8123
1387
3387
6399
3245
2843
1960
5513
415
3442
2709
5015
1054
2686
7683
5757
9683
2017
7363
7254
8584
6882
5765
8411
2422
5958
6214
1836
3546
7009
7398
2166
2301
627
1736
6984
8537
552
4197
7638
9759
6635
4780
1005
6325
7900
114
8432
2761
5649
3338
9645
6545
1138
7716
4705
7498
671
445
3289
8867
956
296
6408
2390
5998
4003
1382
8389
5263
4087
9247
9823
8762
9496
339
979
1653
2131
7967
1963
3257
8475
9101
1446
5278
1499
2762
6509
3388
2791
5516
4659
3933
3136
8576
5971
6466
3041
9281
4061
9037
8582
2141
4404
96
8063
1235
8026
5153
934
4477
4202
3476
9406
7721
5071
592
1540
3979
8092
759
557
9801
1363
6367
1984
37
815
2555
1890
3812
8220
8720
3464
4943
7134
5524
2110
738
2902
8212
1542
8093
8067
5162
9930
6600
8202
2327
4922
2489
6924
682
7588
8439
4851
3922
8259
2685
560
9264
3891
8886
2440
7040
6642
3451
4094
2931
480
2181
2308
3178
4857
5400
6068
3594
7391
3607
9941
4542
2394
4326
8833
2118
2871
9802
496
8528
2731
990
8329
6332
4065
3138
7464
6255
3274
4177
5648
9405
3816
8334
3544
4100
9300
1604
5018
4877
9425
4716
1571
3577
5463
343
2412
1484
5086
9928
995
4773
6805
5251
5759
545
6323
7984
7990
9663
4168
5511
7280
9358
5543
3034
6955
5353
7241
5484
4321
9568
7180
8802
7653
7849
2550
1134
3457
6474
7005
4565
961
2015
7142
4118
3446
3502
195
4362
2445
988
9591
3768
6852
9343
1079
5123
6680
8456
9817
4057
6152
5386
4763
6815
872
3601
8004
2860
5545
2387
1443
2223
2848
5174
1877
8188
1123
8534
1260
3302
6470
564
5884
6033
7052
9639
241
2709
3210
2523
1999
851
7488
1467
4766
5520
2470
7136
3524
6177
4396
885
5475
1843
93
5903
2766
3678
7569
3443
3732
1584
8527
5357
2922
5550
9671
4693
8313
613
5741
9027
589
5610
4289
3648
2231
500
537
4250
502
8443
7609
3246
3897
4
8496
3686
4874
1744
7664
4083
6379
6244
5361
7180
7405
8073
2228
4723
8712
3918
6914
4291
7154
5060
3131
2819
6557
1521
4649
6352
8836
1441
4837
2534
3230
8290
4501
3590
7377
5858
7522
7545
9867
3846
8904
7415
3201
2628
7803
5770
5180
8187
3875
6508
6784
6031
2243
6544
4630
387
7667
6739
9371
5162
4450
4324
2545
2343
1440
4702
8582
5342
1373
8418
9631
8221
7873
793
5137
4033
3985
2378
6940
5065
2665
6447
9651
5454
6532
6323
4661
2215
4290
9692
5159
851
4918
6702
9264
9595
1467
7115
9648
5087
4253
5549
9009
124
8585
3864
5979
9480
3218
1661
287
8515
5213
9327
3710
3413
2456
7803
7779
7388
5371
7234
4551
5188
2413
5343
8365
95
2605
2087
6406
7629
8306
9907
9956
7520
1753
1047
5985
3932
9785
2454
5583
5751
837
4625
5960
5658
6639
9130
2544
4283
1483
445
392
6357
8352
8591
2792
7162
9937
3154
2332
5403
4775
2529
4049
2220
3106
2223
4656
1222
4985
7588
9064
3404
2137
9242
1778
954
8818
6249
5855
2409
9275
5575
6814
4380
6645
6459
3173
375
9251
2756
6808
2434
8974
5132
3880
3266
8146
5462
5627
5113
4910
9371
8895
5178
7368
3294
6502
6982
8940
788
4362
1000
3530
8215
232
4284
4512
6578
9493
7767
1757
5998
3265
8981
4954
8584
2740
1726
5680
8584
8380
3275
3269
8505
8257
9513
668
7328
2390
1829
691
970
2206
3977
4467
9748
4477
1879
3546
7784
9806
4701
588
4544
9476
6686
6016
2871
1519
4714
3198
3002
7475
3610
3905
9200
1589
5273
3416
4674
6857
1767
6028
9665
2385
4099
3050
399
9878
3834
7955
4685
447
4346
1262
6498
408
5335
9312
6426
1423
8712
85
1570
1460
6115
8926
7946
6200
2644
5411
6091
6978
8484
6768
714
4218
2695
1118
3735
6618
9164
2636
8251
7757
2624
2715
9230
2395
1419
8898
3908
2622
3859
1028
734
4891
8013
568
7912
9659
6494
6713
8618
1310
4510
7069
6728
7581
1229
9476
5962
7585
564
119
371
2520
8486
6008
8679
1900
7380
7447
7264
7240
8497
4286
7742
6460
6736
9872
3006
6839
3999
7534
5793
4961
8523
5142
7131
6792
8286
9007
1294
6820
1896
5329
7455
9527
2316
7851
8093
1977
7815
240
8944
2269
9028
5679
6975
3547
7425
7216
7973
9150
1458
200
627
8903
2721
5246
2786
5561
7107
6823
3459
5008
595
4117
7915
7888
8179
1157
7869
1863
3925
1487
9679
2698
2584
2357
9476
1418
9096
4424
7395
7312
1273
8062
5923
1310
2381
2829
6656
2313
8704
250
6768
493
666
6068
15
3696
8107
4698
5967
8426
4054
8165
4082
5512
1502
8892
9648
434
7103
4483
1121
2919
9536
5031
1167
1354
7164
6977
7554
9730
6932
9279
3594
6503
4955
4070
6829
6993
386
8099
5417
796
1755
398
4853
4048
3987
3795
8395
8414
7031
5319
2997
37
2256
2115
2763
1446
7174
2294
4229
1845
6186
2292
8124
5133
8632
4848
2352
1741
3351
8630
6055
6025
5398
9725
5392
849
1695
6948
8629
9406
2585
1822
178
8466
8413
9771
3576
3452
2700
7197
9987
156
692
8100
3273
1496
1558
2316
889
5252
6664
8182
4486
2071
4697
2278
144
6245
1045
7375
9708
4988
8739
786
8071
9628
2266
5461
7495
6561
1778
1169
36
7755
8849
8612
851
3033
6838
5037
9772
3349
9130
5085
7844
2549
7588
4468
1041
6986
3523
7082
6590
9383
686
1158
2880
4315
411
1542
8299
134
3332
6445
5596
1147
3249
4289
7807
6161
4650
7564
9724
6778
7055
2385
6410
2703
5210
8997
7706
5332
6815
1043
1698
5868
4004
976
9318
7357
330
2508
2928
8562
2077
998
5613
8115
1905
9549
8846
7932
1429
8787
152
229
4487
3148
2158
6850
8319
4383
4234
8819
8183
1388
5497
621
4238
7417
533
8069
9162
6968
5957
3155
627
4593
9440
5653
6379
7913
4653
9725
5083
6190
2918
5591
2104
9007
3212
5946
7118
9164
5581
3709
180
7187
9430
8196
5011
2258
4888
6513
1247
1978
7536
1911
1117
9133
5655
7143
3836
1449
4461
7500
4737
852
9908
9101
859
802
760
1132
414
3258
8832
9092
4845
3845
2686
1075
4473
9344
3162
9641
8901
642
100
2153
4127
7916
436
4490
2312
1079
6635
7862
2026
1483
5818
1932
7575
1252
537
3019
7713
6068
7726
8468
531
504
9825
8864
6604
2345
7536
5015
2620
175
5407
9941
2251
1881
3725
5370
827
2363
1644
3464
649
6210
9420
9610
8187
3946
7284
1526
9684
1273
4261
1837
5975
5768
6297
7117
3817
4280
6280
2626
7731
4351
3768
3340
7264
8356
1257
3822
201
253
6316
707
7558
7494
4497
2377
6539
7016
2378
2737
5531
7512
4171
5029
8025
1125
3203
2108
3427
290
6096
2316
2662
1863
8391
7046
1929
699
1286
2789
7709
5844
8745
7627
8339
8086
9426
9928
3519
452
2292
8561
4501
7640
1374
7071
3073
8786
176
112
1359
3678
8216
5106
4556
9774
7999
9485
896
7796
5795
8841
5359
5046
6717
6779
7603
3803
1598
2990
9057
9281
87
7168
7972
5153
2526
4353
8912
1554
5049
3055
129
129
6520
6006
7212
7135
6700
1390
7619
5561
3228
6491
1362
8899
9874
5517
1030
2206
1536
3898
5340
9630
1194
1984
9732
4413
1151
5319
4953
9045
4566
2447
6326
3812
1011
3757
822
790
7844
9457
5070
5815
477
5245
6717
1378
9590
5675
1044
1866
1849
5649
6742
6311
8192
8225
6386
8176
6375
9912
7776
3762
7916
9739
6546
3608
8449
6024
9557
4746
282
8301
700
9958
8816
5499
5750
1228
2896
6410
5874
7943
72
7242
7991
7309
3233
8897
5188
6802
60
230
4676
8745
5378
6335
2890
3142
5956
5167
3546
6152
2269
3701
1959
4765
474
8351
2137
6324
9676
2713
9027
2042
6272
8061
9131
6098
309
5841
4644
6063
2091
6597
7910
9540
3532
7507
3478
1829
7960
5473
5529
1443
5172
9738
2735
2661
3283
6532
1165
5547
3466
212
4085
9399
5517
3029
1959
1801
4597
9920
1420
4033
7469
270
503
152
4533
738
1413
5608
6984
2065
3380
6753
5149
2661
2804
8495
7078
287
5070
1241
3379
2292
3006
1677
8767
6447
9386
8184
1683
8834
4621
2929
4585
519
9699
9875
5341
9232
2014
2056
7905
2233
1341
6674
6724
1320
1241
6128
1569
6218
4584
8284
2112
1020
9666
9114
242
6188
3867
5200
4594
9074
8678
5100
454
8583
5474
6592
904
2479
8903
2311
3865
2553
4494
345
4270
6477
6094
6452
5961
6560
183
1817
7396
9068
3129
6046
9424
894
2418
4006
4003
3667
2181
3405
8966
2938
5678
1474
4258
4244
7747
1026
3938
6230
641
3612
3215
7324
3012
6522
6417
3234
2836
3608
1039
9953
1262
5128
2171
356
8221
5350
4477
6675
2033
2361
2815
6673
1558
5192
4620
8184
9543
6260
7795
9847
7264
7893
2218
9118
834
5291
7724
3583
2110
1777
1043
2318
6904
1468
9902
2867
1068
4066
5763
9410
9485
4091
6875
4747
6124
1898
3084
5813
7341
7977
1179
1289
7537
8577
7424
7860
130
7456
4391
5212
2730
5687
8855
3604
6369
8343
8421
7186
3800
2240
6056
2536
4851
1063
1355
997
9038
5556
5706
8521
2031
1155
9715
1652
57
5861
3608
9687
8578
8413
5700
8998
7291
7682
379
4890
6122
2402
6279
628
7571
442
427
7134
4884
7658
9866
38
6301
6877
2468
1813
1146
1691
5450
5372
391
3683
6090
8475
1334
6953
9089
6
3150
6810
8524
153
1262
9019
9829
7816
8482
8515
9043
7260
5719
1151
3812
1861
8550
8778
656
1675
831
6792
6697
1129
3869
2096
8765
6075
6462
6488
6331
7229
8155
1649
7878
9388
6674
7432
5865
1651
6939
6336
5761
9137
2877
4871
9547
246
595
3883
4891
5880
3179
4397
9869
5862
9866
513
1598
512
4845
3579
7194
8185
9815
3609
4901
8584
580
1056
1480
7982
4270
5408
4237
8912
8733
315
436
7501
6746
8663
8682
4081
4404
5011
1746
7207
3477
7174
3129
780
3180
128
8843
8784
5905
2501
3637
6475
9588
595
2851
334
4874
2830
3751
3581
2289
5916
7660
5268
3143
8291
1684
9128
8512
2978
6733
4852
4171
4717
7980
9117
6705
6340
5834
3199
5297
9039
714
3981
1128
7449
8214
1793
3767
4972
8129
2420
4692
6
3577
5108
9631
2951
5849
9869
6570
9282
6573
1759
4896
7712
2818
5915
2308
2962
7772
964
8018
5250
3136
5332
5259
1375
7002
37
669
2151
2150
1104
5918
3976
1502
4807
7168
3234
8871
9451
3956
9518
318
1391
2746
8376
4383
5232
578
4295
8971
9027
8932
9404
8101
4679
6694
1993
5696
5486
7981
7255
1920
3612
9478
9205
1990
4811
6000
8177
5012
4946
5648
3194
5629
6997
3571
1144
6213
1218
243
3296
4425
5498
6351
8889
5873
797
9918
1334
29
4349
2207
2316
8150
1873
8145
7202
2784
8530
1297
51
8898
6361
4169
5517
1544
4261
4952
7206
210
8273
5345
8200
6499
7666
5871
6835
3190
1513
1432
6988
2945
8536
5494
1396
7488
6200
9958
6419
9911
2126
5687
8665
4544
4039
568
4878
3964
6914
4811
5026
9433
8732
9859
5543
9332
9868
3393
2862
984
4288
719
825
3474
729
4327
5843
7537
9482
5017
7702
8568
1856
7522
5070
8140
5317
3966
3545
1894
1201
4873
9642
113
1010
7912
712
1150
8445
2858
7827
7669
6294
7434
965
8623
6441
2476
4809
9387
755
3713
1334
5454
9887
9053
7886
477
9718
6874
3032
1547
6836
7299
7011
2361
8350
9531
5964
3547
3547
7715
8689
9742
9971
9554
350
6047
9895
4461
2969
1471
904
9941
8191
2371
4496
7336
8889
3720
4471
1951
8689
6221
2167
7603
495
1322
6965
4167
6662
4199
652
3509
6628
2345
546
3065
3328
7322
485
6276
6600
3086
8117
3142
8787
6887
796
6369
6543
9830
2404
7229
1405
4698
8032
9346
6696
2664
8341
5864
7014
5048
716
7369
4881
8675
5541
6870
918
145
62
6109
5153
8829
1136
2630
7761
5421
8936
5225
6433
944
4936
1359
6289
6919
1910
1951
4252
3124
5510
7898
7228
6040
4635
7158
6001
7042
527
7012
8252
5396
618
6782
787
3973
2360
2406
9481
3996
3850
9218
3927
6578
2246
7573
3026
4549
3579
9095
3061
6188
4674
2833
5345
1302
3704
3409
989
9984
1167
6024
595
9776
4536
9251
5639
735
3439
7087
6729
5
9026
5929
1616
7883
3105
2675
6574
7546
2268
6792
249
3753
9972
6971
9908
7351
2486
531
1137
1632
8827
3643
501
235
8136
3049
5943
1512
686
9238
4235
7308
4347
9816
5518
8963
6559
9414
9306
4520
1101
5658
7903
9784
4760
4074
9114
5811
9952
6698
8188
2313
429
8582
301
8136
3055
8912
6483
7634
3725
8498
9940
4182
2908
4348
8792
7623
300
8578
5437
7900
8466
5304
8364
6043
6408
6455
5425
3304
9448
7075
3488
8394
1871
7856
571
7728
1250
1220
4623
828
4182
3830
5662
6602
6130
9567
3348
4244
6628
2589
1033
1753
8015
480
5321
2766
7045
3942
2735
6823
5253
7973
1250
8008
1372
9190
65
7364
9145
9217
8195
4211
6462
4609
2237
2502
5548
9136
747
9772
2679
7606
1942
8303
7679
4737
7615
8833
4472
1537
1580
7406
8634
5834
7193
6009
4680
7827
4856
4291
4326
5683
5293
8081
2193
8707
6764
397
5727
1216
6876
5951
6687
534
2832
5669
6303
7204
4028
8643
6903
5988
3059
8360
1194
9998
7067
4515
8075
4332
3049
8944
3568
4474
4648
3516
2967
6741
8878
2707
7060
532
2850
892
2737
7536
5032
7092
3652
5668
4052
1693
5174
4089
9985
7815
9181
9566
193
396
5476
2512
1274
3019
8195
2073
3924
60
9532
1324
1123
9616
726
3003
2450
8750
6330
4813
61
9008
1449
6440
126
8377
8112
3697
3432
2139
1705
3434
9257
4823
6194
1685
9255
5417
9114
725
5626
4486
449
9302
6080
9602
2319
2644
6616
7610
7206
7660
5560
4624
3131
4047
846
3941
8623
3904
7739
9034
4929
103
7591
4875
8400
8683
4421
4590
8087
5448
9083
9940
1575
8694
9728
9304
5577
82
1911
5018
49
6789
6195
8097
2520
8
8123
2949
7563
3522
9082
1784
9347
3948
3724
2107
2807
9955
4638
7833
4170
4828
8899
8278
585
8139
9933
9061
6208
1023
7409
856
4955
8685
6823
3977
903
1770
840
7240
7021
5668
5406
4899
8736
99
5199
9879
4565
889
9771
7870
9086
8
1129
6620
1664
4928
2428
9741
8949
5951
8399
1062
349
3096
616
6338
8639
369
591
2792
4514
7108
4294
1470
8813
5478
9822
6944
5764
2049
4970
137
4539
991
8469
5535
1894
7576
3174
739
2355
4731
4295
6705
5667
1607
9111
4417
2984
8445
788
9819
2067
2644
33
6238
4212
1575
4184
9277
2956
7710
4612
2749
7490
8288
5095
7963
9256
7808
6407
8617
3688
7114
880
3512
1010
3063
4342
6873
4950
6570
7141
4944
2927
79
5636
8451
4594
6313
3318
6234
889
5173
4380
4382
8100
1527
3544
1402
6889
9475
4418
1745
5876
2340
9346
282
1126
1392
4931
5977
8462
219
3215
7560
9508
3275
1622
2142
9870
4757
8965
4872
3969
9590
6585
4441
7944
5640
5373
7317
5095
9828
2511
8815
9584
9535
7326
2196
7247
4602
8092
6341
7015
2516
1411
1562
8561
3392
8982
2191
4257
2576
8800
919
7779
7619
9328
1835
1351
7077
4217
8386
8576
3130
5147
7220
3804
9695
8511
8269
1199
3887
9447
3841
7916
4131
